Dynamical matrix file
File generated with the CellConstructor by Lorenzo Monacelli
3 5 0     1.8897259890000000     0.0000000000000000     0.0000000000000000     0.0000000000000000     0.0000000000000000     0.0000000000000000
Basis vectors
    3.9800003118112213     0.0000000000000000     0.0000000000000000
    0.0000000000000000     3.9800003118112213     0.0000000000000000
    0.0000000000000000     0.0000000000000000     3.9800003118112213
	1  'Ba '  125165.9077335107867839
	2  'Ti '  43628.1030349454958923
	3  'O '  14582.5615078719583835
    1     1     1.9900001559056106     1.9900001559056106     1.9900001559056106
    2     2     0.0000000000000000     0.0000000000000000     0.0000000000000000
    3     3     1.9900001559056106     0.0000000000000000     0.0000000000000000
    4     3     0.0000000000000000     1.9900001559056106     0.0000000000000000
    5     3     0.0000000000000000     0.0000000000000000     1.9900001559056106

     Dynamical Matrix in cartesian axes

     q = (     0.000000000000     0.000000000000     0.000000000000 )

    1    1
     0.1323887406003161     0.0000000000000000        0.0000000000000000     0.0000000000000000        0.0000000000000000     0.0000000000000000
     0.0000000000000000     0.0000000000000000        0.1323887406003161     0.0000000000000000        0.0000000000000000     0.0000000000000000
     0.0000000000000000     0.0000000000000000        0.0000000000000000     0.0000000000000000        0.1323887406003161     0.0000000000000000
    1    2
    -0.0724228716424701     0.0000000000000000        0.0000000000000000     0.0000000000000000        0.0000000000000000     0.0000000000000000
     0.0000000000000000     0.0000000000000000       -0.0724228716424701     0.0000000000000000        0.0000000000000000     0.0000000000000000
     0.0000000000000000     0.0000000000000000        0.0000000000000000     0.0000000000000000       -0.0724228716424701     0.0000000000000000
    1    3
    -0.0262011523853918     0.0000000000000000        0.0000000000000000     0.0000000000000000        0.0000000000000000     0.0000000000000000
     0.0000000000000000     0.0000000000000000       -0.0168823582862272     0.0000000000000000        0.0000000000000000     0.0000000000000000
     0.0000000000000000     0.0000000000000000        0.0000000000000000     0.0000000000000000       -0.0168823582862272     0.0000000000000000
    1    4
    -0.0168823582862272     0.0000000000000000        0.0000000000000000     0.0000000000000000        0.0000000000000000     0.0000000000000000
     0.0000000000000000     0.0000000000000000       -0.0262011523853918     0.0000000000000000        0.0000000000000000     0.0000000000000000
     0.0000000000000000     0.0000000000000000        0.0000000000000000     0.0000000000000000       -0.0168823582862272     0.0000000000000000
    1    5
    -0.0168823582862272     0.0000000000000000        0.0000000000000000     0.0000000000000000        0.0000000000000000     0.0000000000000000
     0.0000000000000000     0.0000000000000000       -0.0168823582862272     0.0000000000000000        0.0000000000000000     0.0000000000000000
     0.0000000000000000     0.0000000000000000        0.0000000000000000     0.0000000000000000       -0.0262011523853918     0.0000000000000000
    2    1
    -0.0724228716424701     0.0000000000000000        0.0000000000000000     0.0000000000000000        0.0000000000000000     0.0000000000000000
     0.0000000000000000     0.0000000000000000       -0.0724228716424701     0.0000000000000000        0.0000000000000000     0.0000000000000000
     0.0000000000000000     0.0000000000000000        0.0000000000000000     0.0000000000000000       -0.0724228716424701     0.0000000000000000
    2    2
    -0.0051333388852565     0.0000000000000000        0.0000000000000000     0.0000000000000000        0.0000000000000000     0.0000000000000000
     0.0000000000000000     0.0000000000000000       -0.0051333388852565     0.0000000000000000        0.0000000000000000     0.0000000000000000
     0.0000000000000000     0.0000000000000000        0.0000000000000000     0.0000000000000000       -0.0051333388852565     0.0000000000000000
    2    3
     0.0986120498124576     0.0000000000000000        0.0000000000000000     0.0000000000000000        0.0000000000000000     0.0000000000000000
     0.0000000000000000     0.0000000000000000       -0.0105279196423656     0.0000000000000000        0.0000000000000000     0.0000000000000000
     0.0000000000000000     0.0000000000000000        0.0000000000000000     0.0000000000000000       -0.0105279196423656     0.0000000000000000
    2    4
    -0.0105279196423656     0.0000000000000000        0.0000000000000000     0.0000000000000000        0.0000000000000000     0.0000000000000000
     0.0000000000000000     0.0000000000000000        0.0986120498124576     0.0000000000000000        0.0000000000000000     0.0000000000000000
     0.0000000000000000     0.0000000000000000        0.0000000000000000     0.0000000000000000       -0.0105279196423656     0.0000000000000000
    2    5
    -0.0105279196423656     0.0000000000000000        0.0000000000000000     0.0000000000000000        0.0000000000000000     0.0000000000000000
     0.0000000000000000     0.0000000000000000       -0.0105279196423656     0.0000000000000000        0.0000000000000000     0.0000000000000000
     0.0000000000000000     0.0000000000000000        0.0000000000000000     0.0000000000000000        0.0986120498124576     0.0000000000000000
    3    1
    -0.0262011523853918     0.0000000000000000        0.0000000000000000     0.0000000000000000        0.0000000000000000     0.0000000000000000
     0.0000000000000000     0.0000000000000000       -0.0168823582862272     0.0000000000000000        0.0000000000000000     0.0000000000000000
     0.0000000000000000     0.0000000000000000        0.0000000000000000     0.0000000000000000       -0.0168823582862272     0.0000000000000000
    3    2
     0.0986120498124576     0.0000000000000000        0.0000000000000000     0.0000000000000000        0.0000000000000000     0.0000000000000000
     0.0000000000000000     0.0000000000000000       -0.0105279196423656     0.0000000000000000        0.0000000000000000     0.0000000000000000
     0.0000000000000000     0.0000000000000000        0.0000000000000000     0.0000000000000000       -0.0105279196423656     0.0000000000000000
    3    3
     0.1161810681473761     0.0000000000000000        0.0000000000000000     0.0000000000000000        0.0000000000000000     0.0000000000000000
     0.0000000000000000     0.0000000000000000        0.1086496667498883     0.0000000000000000        0.0000000000000000     0.0000000000000000
     0.0000000000000000     0.0000000000000000        0.0000000000000000     0.0000000000000000        0.1086496667498883     0.0000000000000000
    3    4
    -0.0942959827872210     0.0000000000000000        0.0000000000000000     0.0000000000000000        0.0000000000000000     0.0000000000000000
     0.0000000000000000     0.0000000000000000       -0.0942959827872210     0.0000000000000000        0.0000000000000000     0.0000000000000000
     0.0000000000000000     0.0000000000000000        0.0000000000000000     0.0000000000000000        0.0130565939659254     0.0000000000000000
    3    5
    -0.0942959827872210     0.0000000000000000        0.0000000000000000     0.0000000000000000        0.0000000000000000     0.0000000000000000
     0.0000000000000000     0.0000000000000000        0.0130565939659254     0.0000000000000000        0.0000000000000000     0.0000000000000000
     0.0000000000000000     0.0000000000000000        0.0000000000000000     0.0000000000000000       -0.0942959827872210     0.0000000000000000
    4    1
    -0.0168823582862272     0.0000000000000000        0.0000000000000000     0.0000000000000000        0.0000000000000000     0.0000000000000000
     0.0000000000000000     0.0000000000000000       -0.0262011523853918     0.0000000000000000        0.0000000000000000     0.0000000000000000
     0.0000000000000000     0.0000000000000000        0.0000000000000000     0.0000000000000000       -0.0168823582862272     0.0000000000000000
    4    2
    -0.0105279196423656     0.0000000000000000        0.0000000000000000     0.0000000000000000        0.0000000000000000     0.0000000000000000
     0.0000000000000000     0.0000000000000000        0.0986120498124576     0.0000000000000000        0.0000000000000000     0.0000000000000000
     0.0000000000000000     0.0000000000000000        0.0000000000000000     0.0000000000000000       -0.0105279196423656     0.0000000000000000
    4    3
    -0.0942959827872210     0.0000000000000000        0.0000000000000000     0.0000000000000000        0.0000000000000000     0.0000000000000000
     0.0000000000000000     0.0000000000000000       -0.0942959827872210     0.0000000000000000        0.0000000000000000     0.0000000000000000
     0.0000000000000000     0.0000000000000000        0.0000000000000000     0.0000000000000000        0.0130565939659254     0.0000000000000000
    4    4
     0.1086496667498883     0.0000000000000000        0.0000000000000000     0.0000000000000000        0.0000000000000000     0.0000000000000000
     0.0000000000000000     0.0000000000000000        0.1161810681473761     0.0000000000000000        0.0000000000000000     0.0000000000000000
     0.0000000000000000     0.0000000000000000        0.0000000000000000     0.0000000000000000        0.1086496667498883     0.0000000000000000
    4    5
     0.0130565939659254     0.0000000000000000        0.0000000000000000     0.0000000000000000        0.0000000000000000     0.0000000000000000
     0.0000000000000000     0.0000000000000000       -0.0942959827872210     0.0000000000000000        0.0000000000000000     0.0000000000000000
     0.0000000000000000     0.0000000000000000        0.0000000000000000     0.0000000000000000       -0.0942959827872210     0.0000000000000000
    5    1
    -0.0168823582862272     0.0000000000000000        0.0000000000000000     0.0000000000000000        0.0000000000000000     0.0000000000000000
     0.0000000000000000     0.0000000000000000       -0.0168823582862272     0.0000000000000000        0.0000000000000000     0.0000000000000000
     0.0000000000000000     0.0000000000000000        0.0000000000000000     0.0000000000000000       -0.0262011523853918     0.0000000000000000
    5    2
    -0.0105279196423656     0.0000000000000000        0.0000000000000000     0.0000000000000000        0.0000000000000000     0.0000000000000000
     0.0000000000000000     0.0000000000000000       -0.0105279196423656     0.0000000000000000        0.0000000000000000     0.0000000000000000
     0.0000000000000000     0.0000000000000000        0.0000000000000000     0.0000000000000000        0.0986120498124576     0.0000000000000000
    5    3
    -0.0942959827872210     0.0000000000000000        0.0000000000000000     0.0000000000000000        0.0000000000000000     0.0000000000000000
     0.0000000000000000     0.0000000000000000        0.0130565939659254     0.0000000000000000        0.0000000000000000     0.0000000000000000
     0.0000000000000000     0.0000000000000000        0.0000000000000000     0.0000000000000000       -0.0942959827872210     0.0000000000000000
    5    4
     0.0130565939659254     0.0000000000000000        0.0000000000000000     0.0000000000000000        0.0000000000000000     0.0000000000000000
     0.0000000000000000     0.0000000000000000       -0.0942959827872210     0.0000000000000000        0.0000000000000000     0.0000000000000000
     0.0000000000000000     0.0000000000000000        0.0000000000000000     0.0000000000000000       -0.0942959827872210     0.0000000000000000
    5    5
     0.1086496667498883     0.0000000000000000        0.0000000000000000     0.0000000000000000        0.0000000000000000     0.0000000000000000
     0.0000000000000000     0.0000000000000000        0.1086496667498883     0.0000000000000000        0.0000000000000000     0.0000000000000000
     0.0000000000000000     0.0000000000000000        0.0000000000000000     0.0000000000000000        0.1161810681473761     0.0000000000000000

     Diagonalizing the dynamical matrix

     q = (     0.000000000000     0.000000000000     0.000000000000 )

***************************************************************************
   freq (    1) =    -5.87182700 [THz] =  -195.86303804 [cm-1]
(  -0.000002  0.000000   0.002466  0.000000  -0.004805  0.000000 )
(  -0.000144  0.000000   0.214350  0.000000  -0.417554  0.000000 )
(   0.000219  0.000000  -0.168658  0.000000   0.328546  0.000000 )
(   0.000114  0.000000  -0.325146  0.000000   0.328546  0.000000 )
(   0.000114  0.000000  -0.168658  0.000000   0.633386  0.000000 )
   freq (    2) =    -5.87182700 [THz] =  -195.86303804 [cm-1]
(   0.000031  0.000000  -0.004804  0.000000  -0.002466  0.000000 )
(   0.002663  0.000000  -0.417547  0.000000  -0.214347  0.000000 )
(  -0.004040  0.000000   0.328541  0.000000   0.168656  0.000000 )
(  -0.002096  0.000000   0.633375  0.000000   0.168656  0.000000 )
(  -0.002096  0.000000   0.328541  0.000000   0.325142  0.000000 )
   freq (    3) =    -5.87182700 [THz] =  -195.86303804 [cm-1]
(  -0.005401  0.000000  -0.000028  0.000000  -0.000013  0.000000 )
(  -0.469351  0.000000  -0.002435  0.000000  -0.001088  0.000000 )
(   0.711956  0.000000   0.001916  0.000000   0.000856  0.000000 )
(   0.369301  0.000000   0.003694  0.000000   0.000856  0.000000 )
(   0.369301  0.000000   0.001916  0.000000   0.001650  0.000000 )
   freq (    4) =    -0.00000015 [THz] =    -0.00000514 [cm-1]
(   0.415084  0.000000  -0.166447  0.000000   0.000887  0.000000 )
(   0.415084  0.000000  -0.166447  0.000000   0.000887  0.000000 )
(   0.415084  0.000000  -0.166447  0.000000   0.000887  0.000000 )
(   0.415084  0.000000  -0.166447  0.000000   0.000887  0.000000 )
(   0.415084  0.000000  -0.166447  0.000000   0.000887  0.000000 )
   freq (    5) =    -0.00000015 [THz] =    -0.00000502 [cm-1]
(   0.159056  0.000000   0.395939  0.000000  -0.133917  0.000000 )
(   0.159056  0.000000   0.395939  0.000000  -0.133917  0.000000 )
(   0.159056  0.000000   0.395939  0.000000  -0.133917  0.000000 )
(   0.159056  0.000000   0.395939  0.000000  -0.133917  0.000000 )
(   0.159056  0.000000   0.395939  0.000000  -0.133917  0.000000 )
   freq (    6) =    -0.00000011 [THz] =    -0.00000366 [cm-1]
(   0.049057  0.000000   0.124611  0.000000   0.426691  0.000000 )
(   0.049057  0.000000   0.124611  0.000000   0.426691  0.000000 )
(   0.049057  0.000000   0.124611  0.000000   0.426691  0.000000 )
(   0.049057  0.000000   0.124611  0.000000   0.426691  0.000000 )
(   0.049057  0.000000   0.124611  0.000000   0.426691  0.000000 )
   freq (    7) =     5.27284775 [THz] =   175.88324371 [cm-1]
(   0.331950  0.000000  -0.003638  0.000000  -0.012133  0.000000 )
(  -0.484960  0.000000   0.005315  0.000000   0.017725  0.000000 )
(  -0.435419  0.000000   0.005276  0.000000   0.017597  0.000000 )
(  -0.481446  0.000000   0.004772  0.000000   0.017597  0.000000 )
(  -0.481446  0.000000   0.005276  0.000000   0.015915  0.000000 )
   freq (    8) =     5.27284775 [THz] =   175.88324371 [cm-1]
(  -0.012652  0.000000  -0.110203  0.000000  -0.313124  0.000000 )
(   0.018485  0.000000   0.161000  0.000000   0.457456  0.000000 )
(   0.016596  0.000000   0.159833  0.000000   0.454141  0.000000 )
(   0.018351  0.000000   0.144553  0.000000   0.454141  0.000000 )
(   0.018351  0.000000   0.159833  0.000000   0.410724  0.000000 )
   freq (    9) =     5.27284775 [THz] =   175.88324371 [cm-1]
(  -0.000596  0.000000   0.313358  0.000000  -0.110261  0.000000 )
(   0.000870  0.000000  -0.457798  0.000000   0.161085  0.000000 )
(   0.000781  0.000000  -0.454481  0.000000   0.159918  0.000000 )
(   0.000864  0.000000  -0.411032  0.000000   0.159918  0.000000 )
(   0.000864  0.000000  -0.454481  0.000000   0.144630  0.000000 )
   freq (   10) =     8.42309263 [THz] =   280.96408713 [cm-1]
(  -0.000000  0.000000   0.000000  0.000000  -0.000000  0.000000 )
(  -0.000000  0.000000   0.000000  0.000000  -0.000000  0.000000 )
(  -0.000000  0.000000  -0.696656  0.000000  -0.040952  0.000000 )
(  -0.113991  0.000000   0.000000  0.000000   0.040952  0.000000 )
(   0.113991  0.000000   0.696656  0.000000  -0.000000  0.000000 )
   freq (   11) =     8.42309263 [THz] =   280.96408713 [cm-1]
(  -0.000000  0.000000   0.000000  0.000000  -0.000000  0.000000 )
(   0.000000  0.000000  -0.000000  0.000000  -0.000000  0.000000 )
(   0.000000  0.000000   0.116090  0.000000  -0.035901  0.000000 )
(  -0.696588  0.000000   0.000000  0.000000   0.035901  0.000000 )
(   0.696588  0.000000  -0.116090  0.000000   0.000000  0.000000 )
   freq (   12) =     8.42309263 [THz] =   280.96408713 [cm-1]
(  -0.000000  0.000000  -0.000000  0.000000   0.000000  0.000000 )
(  -0.000000  0.000000   0.000000  0.000000  -0.000000  0.000000 )
(   0.000000  0.000000  -0.034556  0.000000   0.705006  0.000000 )
(  -0.042093  0.000000   0.000000  0.000000  -0.705006  0.000000 )
(   0.042093  0.000000   0.034556  0.000000  -0.000000  0.000000 )
   freq (   13) =    13.90711552 [THz] =   463.89137401 [cm-1]
(   0.004541  0.000000  -0.000012  0.000000  -0.000011  0.000000 )
(  -0.103098  0.000000   0.000284  0.000000   0.000243  0.000000 )
(  -0.712311  0.000000  -0.001351  0.000000  -0.001158  0.000000 )
(   0.490892  0.000000   0.001961  0.000000  -0.001158  0.000000 )
(   0.490892  0.000000  -0.001351  0.000000   0.001681  0.000000 )
   freq (   14) =    13.90711552 [THz] =   463.89137401 [cm-1]
(  -0.000013  0.000000  -0.001083  0.000000  -0.004410  0.000000 )
(   0.000304  0.000000   0.024579  0.000000   0.100125  0.000000 )
(   0.002100  0.000000  -0.117033  0.000000  -0.476738  0.000000 )
(  -0.001447  0.000000   0.169822  0.000000  -0.476738  0.000000 )
(  -0.001447  0.000000  -0.117033  0.000000   0.691773  0.000000 )
   freq (   15) =    13.90711552 [THz] =   463.89137401 [cm-1]
(  -0.000010  0.000000  -0.004410  0.000000   0.001083  0.000000 )
(   0.000218  0.000000   0.100125  0.000000  -0.024580  0.000000 )
(   0.001504  0.000000  -0.476738  0.000000   0.117037  0.000000 )
(  -0.001036  0.000000   0.691773  0.000000   0.117037  0.000000 )
(  -0.001036  0.000000  -0.476738  0.000000  -0.169826  0.000000 )
***************************************************************************
