Dynamical matrix file
File generated with the CellConstructor by Lorenzo Monacelli
3 5 0     1.8897259890000000     0.0000000000000000     0.0000000000000000     0.0000000000000000     0.0000000000000000     0.0000000000000000
Basis vectors
    3.9800003118112213     0.0000000000000000     0.0000000000000000
    0.0000000000000000     3.9800003118112213     0.0000000000000000
    0.0000000000000000     0.0000000000000000     3.9800003118112213
	1  'Ba '  125165.9077335107867839
	2  'Ti '  43628.1030349454958923
	3  'O '  14582.5615078719583835
    1     1     1.9900001559056106     1.9900001559056106     1.9900001559056106
    2     2     0.0000000000000000     0.0000000000000000     0.0000000000000000
    3     3     1.9900001559056106     0.0000000000000000     0.0000000000000000
    4     3     0.0000000000000000     1.9900001559056106     0.0000000000000000
    5     3     0.0000000000000000     0.0000000000000000     1.9900001559056106

     Dynamical Matrix in cartesian axes

     q = (    -0.125628130861    -0.125628130861    -0.125628130861 )

    1    1
     0.1861525049999999     0.0000000000000000        0.0000000000000000     0.0000000000000000        0.0000000000000000     0.0000000000000000
     0.0000000000000000     0.0000000000000000        0.1861525049999999     0.0000000000000000        0.0000000000000000     0.0000000000000000
     0.0000000000000000     0.0000000000000000        0.0000000000000000     0.0000000000000000        0.1861525049999999     0.0000000000000000
    1    2
     0.0000000000000000     0.0000000000000000        0.0000000000000000     0.0000000000000000        0.0000000000000000     0.0000000000000000
     0.0000000000000000     0.0000000000000000        0.0000000000000000     0.0000000000000000        0.0000000000000000     0.0000000000000000
     0.0000000000000000     0.0000000000000000        0.0000000000000000     0.0000000000000000        0.0000000000000000     0.0000000000000000
    1    3
     0.0000000000000000     0.0000000000000000        0.0000000000000000     0.0000000000000000        0.0000000000000000     0.0000000000000000
     0.0000000000000000     0.0000000000000000        0.0000000000000000     0.0000000000000000       -0.0067542839738919     0.0000000005904376
     0.0000000000000000     0.0000000000000000       -0.0067542839738919     0.0000000005904376        0.0000000000000000     0.0000000000000000
    1    4
     0.0000000000000000     0.0000000000000000        0.0000000000000000     0.0000000000000000       -0.0067542839738919     0.0000000005904376
     0.0000000000000000     0.0000000000000000        0.0000000000000000     0.0000000000000000        0.0000000000000000     0.0000000000000000
    -0.0067542839738919     0.0000000005904376        0.0000000000000000     0.0000000000000000        0.0000000000000000     0.0000000000000000
    1    5
     0.0000000000000000     0.0000000000000000       -0.0067542839738919     0.0000000005904376        0.0000000000000000     0.0000000000000000
    -0.0067542839738919     0.0000000005904376        0.0000000000000000     0.0000000000000000        0.0000000000000000     0.0000000000000000
     0.0000000000000000     0.0000000000000000        0.0000000000000000     0.0000000000000000        0.0000000000000000     0.0000000000000000
    2    1
     0.0000000000000000     0.0000000000000000        0.0000000000000000     0.0000000000000000        0.0000000000000000     0.0000000000000000
     0.0000000000000000     0.0000000000000000        0.0000000000000000     0.0000000000000000        0.0000000000000000     0.0000000000000000
     0.0000000000000000     0.0000000000000000        0.0000000000000000     0.0000000000000000        0.0000000000000000     0.0000000000000000
    2    2
     0.5653875099999994     0.0000000000000000        0.0000000000000000     0.0000000000000000        0.0000000000000000     0.0000000000000000
     0.0000000000000000     0.0000000000000000        0.5653875099999994     0.0000000000000000        0.0000000000000000     0.0000000000000000
     0.0000000000000000     0.0000000000000000        0.0000000000000000     0.0000000000000000        0.5653875099999994     0.0000000000000000
    2    3
     0.0000000000000000     0.0000000000000000        0.0000000000000000     0.0000000000000000        0.0000000000000000     0.0000000000000000
     0.0000000000000000     0.0000000000000000        0.0000000000000000     0.0000000000000000        0.0000000000000000     0.0000000000000000
     0.0000000000000000     0.0000000000000000        0.0000000000000000     0.0000000000000000        0.0000000000000000     0.0000000000000000
    2    4
     0.0000000000000000     0.0000000000000000        0.0000000000000000     0.0000000000000000        0.0000000000000000     0.0000000000000000
     0.0000000000000000     0.0000000000000000        0.0000000000000000     0.0000000000000000        0.0000000000000000     0.0000000000000000
     0.0000000000000000     0.0000000000000000        0.0000000000000000     0.0000000000000000        0.0000000000000000     0.0000000000000000
    2    5
     0.0000000000000000     0.0000000000000000        0.0000000000000000     0.0000000000000000        0.0000000000000000     0.0000000000000000
     0.0000000000000000     0.0000000000000000        0.0000000000000000     0.0000000000000000        0.0000000000000000     0.0000000000000000
     0.0000000000000000     0.0000000000000000        0.0000000000000000     0.0000000000000000        0.0000000000000000     0.0000000000000000
    3    1
     0.0000000000000000     0.0000000000000000        0.0000000000000000     0.0000000000000000        0.0000000000000000     0.0000000000000000
     0.0000000000000000     0.0000000000000000        0.0000000000000000     0.0000000000000000       -0.0067542839738919    -0.0000000005904376
     0.0000000000000000     0.0000000000000000       -0.0067542839738919    -0.0000000005904376        0.0000000000000000     0.0000000000000000
    3    2
     0.0000000000000000     0.0000000000000000        0.0000000000000000     0.0000000000000000        0.0000000000000000     0.0000000000000000
     0.0000000000000000     0.0000000000000000        0.0000000000000000     0.0000000000000000        0.0000000000000000     0.0000000000000000
     0.0000000000000000     0.0000000000000000        0.0000000000000000     0.0000000000000000        0.0000000000000000     0.0000000000000000
    3    3
     0.3218389443502753     0.0000000000000000        0.0000000000000000     0.0000000000000000        0.0000000000000000     0.0000000000000000
     0.0000000000000000     0.0000000000000000        0.1260538187039170     0.0000000000000000        0.0000000000000000     0.0000000000000000
     0.0000000000000000     0.0000000000000000        0.0000000000000000     0.0000000000000000        0.1260538187039170     0.0000000000000000
    3    4
     0.0000000000000000     0.0000000000000000        0.1300028173902452     0.0000000000000000        0.0000000000000000     0.0000000000000000
     0.1300028173902452     0.0000000000000000        0.0000000000000000     0.0000000000000000        0.0000000000000000     0.0000000000000000
     0.0000000000000000     0.0000000000000000        0.0000000000000000     0.0000000000000000        0.0000000000000000     0.0000000000000000
    3    5
     0.0000000000000000     0.0000000000000000        0.0000000000000000     0.0000000000000000        0.1300028173902452     0.0000000000000000
     0.0000000000000000     0.0000000000000000        0.0000000000000000     0.0000000000000000        0.0000000000000000     0.0000000000000000
     0.1300028173902452     0.0000000000000000        0.0000000000000000     0.0000000000000000        0.0000000000000000     0.0000000000000000
    4    1
     0.0000000000000000     0.0000000000000000        0.0000000000000000     0.0000000000000000       -0.0067542839738919    -0.0000000005904376
     0.0000000000000000     0.0000000000000000        0.0000000000000000     0.0000000000000000        0.0000000000000000     0.0000000000000000
    -0.0067542839738919    -0.0000000005904376        0.0000000000000000     0.0000000000000000        0.0000000000000000     0.0000000000000000
    4    2
     0.0000000000000000     0.0000000000000000        0.0000000000000000     0.0000000000000000        0.0000000000000000     0.0000000000000000
     0.0000000000000000     0.0000000000000000        0.0000000000000000     0.0000000000000000        0.0000000000000000     0.0000000000000000
     0.0000000000000000     0.0000000000000000        0.0000000000000000     0.0000000000000000        0.0000000000000000     0.0000000000000000
    4    3
     0.0000000000000000     0.0000000000000000        0.1300028173902452     0.0000000000000000        0.0000000000000000     0.0000000000000000
     0.1300028173902452     0.0000000000000000        0.0000000000000000     0.0000000000000000        0.0000000000000000     0.0000000000000000
     0.0000000000000000     0.0000000000000000        0.0000000000000000     0.0000000000000000        0.0000000000000000     0.0000000000000000
    4    4
     0.1260538187039170     0.0000000000000000        0.0000000000000000     0.0000000000000000        0.0000000000000000     0.0000000000000000
     0.0000000000000000     0.0000000000000000        0.3218389443502753     0.0000000000000000        0.0000000000000000     0.0000000000000000
     0.0000000000000000     0.0000000000000000        0.0000000000000000     0.0000000000000000        0.1260538187039170     0.0000000000000000
    4    5
     0.0000000000000000     0.0000000000000000        0.0000000000000000     0.0000000000000000        0.0000000000000000     0.0000000000000000
     0.0000000000000000     0.0000000000000000        0.0000000000000000     0.0000000000000000        0.1300028173902452     0.0000000000000000
     0.0000000000000000     0.0000000000000000        0.1300028173902452     0.0000000000000000        0.0000000000000000     0.0000000000000000
    5    1
     0.0000000000000000     0.0000000000000000       -0.0067542839738919    -0.0000000005904376        0.0000000000000000     0.0000000000000000
    -0.0067542839738919    -0.0000000005904376        0.0000000000000000     0.0000000000000000        0.0000000000000000     0.0000000000000000
     0.0000000000000000     0.0000000000000000        0.0000000000000000     0.0000000000000000        0.0000000000000000     0.0000000000000000
    5    2
     0.0000000000000000     0.0000000000000000        0.0000000000000000     0.0000000000000000        0.0000000000000000     0.0000000000000000
     0.0000000000000000     0.0000000000000000        0.0000000000000000     0.0000000000000000        0.0000000000000000     0.0000000000000000
     0.0000000000000000     0.0000000000000000        0.0000000000000000     0.0000000000000000        0.0000000000000000     0.0000000000000000
    5    3
     0.0000000000000000     0.0000000000000000        0.0000000000000000     0.0000000000000000        0.1300028173902452     0.0000000000000000
     0.0000000000000000     0.0000000000000000        0.0000000000000000     0.0000000000000000        0.0000000000000000     0.0000000000000000
     0.1300028173902452     0.0000000000000000        0.0000000000000000     0.0000000000000000        0.0000000000000000     0.0000000000000000
    5    4
     0.0000000000000000     0.0000000000000000        0.0000000000000000     0.0000000000000000        0.0000000000000000     0.0000000000000000
     0.0000000000000000     0.0000000000000000        0.0000000000000000     0.0000000000000000        0.1300028173902452     0.0000000000000000
     0.0000000000000000     0.0000000000000000        0.1300028173902452     0.0000000000000000        0.0000000000000000     0.0000000000000000
    5    5
     0.1260538187039170     0.0000000000000000        0.0000000000000000     0.0000000000000000        0.0000000000000000     0.0000000000000000
     0.0000000000000000     0.0000000000000000        0.1260538187039170     0.0000000000000000        0.0000000000000000     0.0000000000000000
     0.0000000000000000     0.0000000000000000        0.0000000000000000     0.0000000000000000        0.3218389443502753     0.0000000000000000

     Diagonalizing the dynamical matrix

     q = (    -0.125628130861    -0.125628130861    -0.125628130861 )

***************************************************************************
   freq (    1) =    -1.71199251 [THz] =   -57.10591513 [cm-1]
(   0.000000  0.000000   0.000000  0.000000   0.000000  0.000000 )
(   0.000000  0.000000   0.000000  0.000000   0.000000  0.000000 )
(  -0.000000  0.000000   0.000000 -0.000000  -0.651184 -0.000000 )
(  -0.000000  0.000000   0.000000 -0.000000   0.275487 -0.000000 )
(   0.651184 -0.000296  -0.275487 -0.008160   0.000000 -0.008160 )
   freq (    2) =    -1.71199251 [THz] =   -57.10591513 [cm-1]
(   0.000000  0.000000  -0.000000  0.000000   0.000000  0.000000 )
(   0.000000  0.000000   0.000000  0.000000   0.000000  0.000000 )
(  -0.000000  0.000000   0.000000 -0.000000  -0.275608 -0.000000 )
(  -0.000000  0.000000   0.000000 -0.000000  -0.650898 -0.000000 )
(   0.275608 -0.000125   0.650898  0.019281   0.000000  0.019281 )
   freq (    3) =    -1.71199251 [THz] =   -57.10591513 [cm-1]
(   0.000000  0.000000  -0.000000  0.000000   0.000000  0.000000 )
(  -0.000000 -0.000000   0.000000 -0.000000   0.000000 -0.000000 )
(   0.000000 -0.000000  -0.000000  0.707107  -0.000000  0.707107 )
(   0.000000 -0.707107   0.000000  0.000000  -0.000000  0.000000 )
(   0.000000 -0.000000   0.000000  0.000000  -0.000000  0.000000 )
   freq (    4) =     4.00785664 [THz] =   133.68768834 [cm-1]
(   0.000000  0.000000   0.000000  0.000000  -0.999171  0.000000 )
(   0.000000  0.000000   0.000000  0.000000   0.000000  0.000000 )
(   0.000000  0.000000  -0.028790 -0.000000   0.000000 -0.000000 )
(  -0.028790 -0.000000   0.000000  0.000000   0.000000  0.000000 )
(   0.000000  0.000000   0.000000  0.000000   0.000000  0.000000 )
   freq (    5) =     4.00785664 [THz] =   133.68768834 [cm-1]
(   0.000000  0.000000   0.999161 -0.004502   0.000000 -0.004502 )
(   0.000000  0.000000   0.000000 -0.000000  -0.000000 -0.000000 )
(   0.000000  0.000000  -0.000000  0.000000   0.028789  0.000000 )
(   0.000000 -0.000000   0.000000 -0.000000  -0.000000 -0.000000 )
(   0.028789 -0.000130   0.000000  0.000000  -0.000000  0.000000 )
   freq (    6) =     4.00785664 [THz] =   133.68768834 [cm-1]
(  -0.999171  0.000000   0.000000  0.000000   0.000000  0.000000 )
(   0.000000  0.000000   0.000000  0.000000   0.000000  0.000000 )
(   0.000000  0.000000   0.000000  0.000000   0.000000  0.000000 )
(   0.000000  0.000000   0.000000  0.000000  -0.028790  0.000000 )
(   0.000000  0.000000  -0.028790 -0.000000   0.000000 -0.000000 )
   freq (    7) =    11.84309504 [THz] =   395.04307161 [cm-1]
(   0.000000  0.000000  -0.000000 -0.000000   0.000000 -0.000000 )
(   0.000000 -0.000000  -0.000000 -0.000000  -1.000000 -0.000000 )
(  -0.000000  0.000000  -0.000000 -0.000000   0.000000 -0.000000 )
(   0.000000  0.000000  -0.000000 -0.000000   0.000000 -0.000000 )
(   0.000000  0.000000  -0.000000 -0.000000  -0.000000 -0.000000 )
   freq (    8) =    11.84309504 [THz] =   395.04307161 [cm-1]
(   0.000000  0.000000   0.000000  0.000000   0.000000  0.000000 )
(  -0.000000  0.000000  -1.000000  0.000000   0.000000  0.000000 )
(   0.000000  0.000000  -0.000000  0.000000   0.000000  0.000000 )
(   0.000000 -0.000000   0.000000  0.000000   0.000000  0.000000 )
(   0.000000  0.000000   0.000000  0.000000   0.000000  0.000000 )
   freq (    9) =    11.84309504 [THz] =   395.04307161 [cm-1]
(   0.000000  0.000000   0.000000  0.000000   0.000000  0.000000 )
(   1.000000 -0.000000   0.000000  0.000000   0.000000  0.000000 )
(   0.000000  0.000000   0.000000  0.000000   0.000000  0.000000 )
(   0.000000  0.000000   0.000000  0.000000   0.000000  0.000000 )
(   0.000000  0.000000   0.000000  0.000000   0.000000  0.000000 )
   freq (   10) =    11.93228354 [THz] =   398.01807943 [cm-1]
(   0.000000  0.000000   0.000000 -0.000000   0.000000 -0.000000 )
(   0.000000 -0.000000   0.000000 -0.000000   0.000000 -0.000000 )
(  -0.816262  0.000000  -0.000000  0.000000  -0.000000  0.000000 )
(   0.000000 -0.000000   0.425064 -0.000000  -0.000000 -0.000000 )
(  -0.000000  0.000000   0.000000 -0.000000   0.391199 -0.000000 )
   freq (   11) =    11.93228354 [THz] =   398.01807943 [cm-1]
(   0.000000  0.000000   0.000000  0.000000   0.000000  0.000000 )
(   0.000000  0.000000   0.000000 -0.000000   0.000000 -0.000000 )
(  -0.019552  0.000000  -0.000000  0.000000   0.000000  0.000000 )
(   0.000000 -0.000000  -0.697128 -0.000000   0.000000 -0.000000 )
(  -0.000000  0.000000  -0.000000  0.000000   0.716680  0.000000 )
   freq (   12) =    13.78684322 [THz] =   459.87952270 [cm-1]
(   0.000000  0.000000  -0.004747 -0.000058   0.000000 -0.000058 )
(  -0.000000  0.000000  -0.000000  0.000000   0.000000  0.000000 )
(  -0.000000 -0.000000  -0.000000  0.000000   0.707046  0.000000 )
(   0.000000 -0.000000   0.000000  0.000000   0.000000  0.000000 )
(   0.707046  0.008661  -0.000000 -0.000000   0.000000 -0.000000 )
   freq (   13) =    13.78684322 [THz] =   459.87952270 [cm-1]
(   0.000000  0.000000   0.000000  0.000000  -0.004747  0.000000 )
(   0.000000  0.000000   0.000000  0.000000   0.000000  0.000000 )
(   0.000000  0.000000   0.707099  0.000000   0.000000  0.000000 )
(   0.707099  0.000000   0.000000  0.000000   0.000000  0.000000 )
(   0.000000  0.000000   0.000000  0.000000   0.000000  0.000000 )
   freq (   14) =    13.78684322 [THz] =   459.87952270 [cm-1]
(  -0.004747  0.000000   0.000000  0.000000   0.000000  0.000000 )
(   0.000000  0.000000   0.000000  0.000000   0.000000  0.000000 )
(   0.000000  0.000000   0.000000  0.000000   0.000000  0.000000 )
(   0.000000  0.000000   0.000000  0.000000   0.707099  0.000000 )
(   0.000000  0.000000   0.707099  0.000000   0.000000  0.000000 )
   freq (   15) =    20.78078084 [THz] =   693.17213668 [cm-1]
(   0.000000  0.000000   0.000000  0.000000   0.000000  0.000000 )
(  -0.000000  0.000000  -0.000000  0.000000  -0.000000  0.000000 )
(   0.577350 -0.000000   0.000000  0.000000  -0.000000  0.000000 )
(  -0.000000 -0.000000   0.577350 -0.000000  -0.000000 -0.000000 )
(  -0.000000 -0.000000   0.000000  0.000000   0.577350  0.000000 )
***************************************************************************
